3.486371138691902322e-02
3.368717378377914656e-02
3.339571273326873840e-02
3.303564929962158475e-02
3.295377156138420277e-02
3.265964663028717019e-02
3.236217042803764266e-02
3.208829024434089322e-02
3.219864645600319097e-02
3.171136733889579756e-02
3.122624823451042309e-02
3.178656145930289917e-02
3.168842393159866655e-02
3.152506172657013050e-02
3.091074258089065649e-02
3.046752423048019326e-02
3.089123034477233784e-02
3.041743478178977889e-02
3.048279097676277055e-02
3.027618172764778154e-02
3.013334071636199901e-02
3.016840854287147419e-02
2.970791223645210394e-02
2.992326071858406045e-02
2.991417479515075598e-02
2.962960521876812151e-02
2.905148568749427868e-02
2.870274873077869465e-02
2.842079360783100056e-02
2.883266142010688926e-02
2.888203841447830114e-02
2.837627093493938490e-02
2.790767557919025463e-02
2.807186941802501667e-02
2.795228612422943210e-02
2.783967158198356537e-02
2.766573321819305528e-02
2.749732796847820238e-02
2.758304111659526728e-02
2.721984824538230957e-02
2.744981700181961179e-02
2.716529756784439101e-02
2.710211320221424247e-02
2.710185821354389041e-02
2.701942940056323988e-02
2.702254723012447249e-02
2.660986320674419564e-02
2.683262479305267498e-02
2.608731485903263009e-02
2.643738128244876862e-02
2.639951406419277155e-02
2.655106410384178162e-02
2.597762684524059298e-02
2.576551668345928095e-02
2.586265574395656477e-02
2.554214558005333049e-02
2.559634225070476360e-02
2.540527836978435580e-02
2.559236174821853671e-02
2.553552035987377219e-02
2.510545030236244202e-02
2.544697003066539662e-02
2.502758137881755732e-02
2.512192684412002663e-02
2.468168269097804901e-02
2.484385819733142889e-02
2.459762546420097423e-02
2.444933505356311834e-02
2.464834733307361483e-02
2.417244145274162134e-02
2.372153899073600747e-02
2.439928983151912548e-02
2.450774516165256378e-02
2.433586780726909593e-02
2.398483359813690166e-02
2.349805071949958787e-02
2.416056233644485463e-02
2.390804167091846455e-02
2.398471041023731223e-02
2.369382534921169250e-02
2.369979377090930886e-02
2.363268047571182376e-02
2.331247283518314214e-02
2.379739972949028101e-02
2.384106111526489158e-02
2.377420265972614299e-02
2.296109323203563563e-02
2.235172496736049716e-02
2.248120044171810286e-02
2.277582465112209381e-02
2.325938291847705688e-02
2.271766480803489793e-02
2.229764088988304277e-02
2.260781085491180356e-02
2.249862870573997656e-02
2.251797087490558721e-02
2.229116500914096743e-02
2.224276638031005837e-02
2.252630656957626404e-02
2.207788456976413766e-02
2.227260898053646035e-02
2.199027670919895261e-02
2.202358813583850730e-02
2.207425692677498011e-02
2.214430183172225869e-02
2.219908748567104434e-02
2.174708105623722118e-02
2.215792527794837805e-02
2.140872707962989882e-02
2.174283050000667614e-02
2.186891484260558918e-02
2.211902175843715596e-02
2.152281093597412098e-02
2.129538443684577884e-02
2.138531401753425432e-02
2.126467092335224129e-02
2.143776725232601071e-02
2.099376246333122323e-02
2.129648190736770780e-02
2.132783712446689739e-02
2.091886875033378487e-02
2.127652367949485826e-02
2.089526845514774397e-02
2.102648060023784571e-02
2.056801243126392398e-02
2.090284818410873338e-02
2.067363719642162367e-02
2.057992409169673992e-02
2.074795433878898546e-02
2.039906878769397885e-02
1.986659517884254572e-02
2.051517990231514071e-02
2.067230978608131445e-02
2.059370583295822010e-02
2.021372523903846793e-02
1.977787682414054726e-02
2.045662634074688069e-02
2.034271337091922774e-02
2.044198013842105782e-02
2.021667115390300695e-02
2.021782119572162681e-02
1.996542251110076938e-02
1.977774831652641396e-02
2.039886415004730363e-02
2.044630326330661857e-02
2.047872926294803594e-02
1.955165791511535509e-02
1.880416236817836900e-02
1.914206074178218669e-02
1.930107344686984860e-02
2.002797150611877394e-02
1.950091187655925845e-02
1.905292146652936766e-02
1.943719679117202753e-02
1.930811732262372946e-02
1.938402441143989574e-02
1.915583562850952173e-02
1.918943350017070920e-02
1.955095055699348355e-02
1.900105194747447879e-02
1.919584460556507041e-02
1.889497034251690077e-02
1.901428963243961476e-02
1.904180784523487255e-02
1.912593990564346452e-02
1.923952896893024386e-02
1.880307867377996323e-02
1.928302432596683616e-02
1.856017132103443198e-02
1.887055022269487278e-02
1.909302821755409080e-02
1.935937394201755687e-02
1.875642298907041414e-02
1.855274634063243736e-02
1.862308732420206100e-02
1.860227331519126795e-02
1.888427715748548438e-02
1.827233627438545199e-02
1.859489431977271942e-02
1.865565080195665318e-02
1.827399785071611577e-02
1.862740631401538921e-02
1.830722311884164927e-02
1.840886084735393613e-02
1.795870523154735610e-02
1.835222415626049097e-02
1.816657067090272915e-02
1.811326368153095417e-02
1.823346021771430833e-02
1.799043287336826377e-02
1.739799786359071815e-02
1.799964157491922359e-02
1.814226835966110257e-02
1.816990711539983802e-02
1.774259713292121801e-02
1.732627894729375784e-02
1.800706880539655608e-02
1.797665441036224235e-02
1.810295774042606359e-02
1.792764452844858303e-02
1.791776955127715940e-02
1.750987889617681634e-02
1.743498814851045589e-02
1.812650422751903648e-02
1.817524345219135445e-02
1.826296876370906916e-02
1.728023871034383915e-02
1.644370451569557301e-02
1.691728895157575477e-02
1.695897132903337323e-02
1.784642966091632907e-02
1.732477370649576284e-02
1.687053973972797369e-02
1.728303134441375871e-02
1.712494964897632449e-02
1.722268447279930170e-02
1.702310438454151045e-02
1.713147586584091303e-02
1.750692032277583951e-02
1.687511228770017732e-02
1.708416657894849811e-02
1.676113270223140647e-02
1.695929098129272602e-02
1.696319711208343559e-02
1.702895317226648178e-02
1.716932255029678459e-02
1.677355627715587660e-02
1.726996584981679850e-02
1.657915818691253762e-02
1.687736420333385556e-02
1.714790254831314101e-02
1.742696816474199190e-02
1.682017642259597823e-02
1.663571189343929224e-02
1.668069542944431230e-02
1.673120003193616714e-02
1.711176837235689127e-02
1.638365593552589330e-02
1.669302257150411667e-02
1.676492981612682370e-02
1.640464723110198961e-02
1.674810201674699697e-02
1.648641183972358870e-02
1.656137227267026960e-02
1.611009319871663931e-02
1.651616650074720291e-02
1.638567981868982448e-02
1.636336404830217306e-02
1.644260625541210316e-02
1.627473161369562271e-02
1.564645618945360167e-02
1.620632176846265732e-02
1.630849988013505919e-02
1.643273175507783956e-02
1.597412192821502652e-02
1.555740679800510402e-02
1.623964752256870300e-02
1.626268740743398722e-02
1.641394736617803746e-02
1.626667768508196013e-02
1.625750897079706117e-02
1.572722077369689830e-02
1.574483449757099057e-02
1.646757701039314181e-02
1.651708630472421488e-02
1.663804136216640375e-02
1.564121099561452746e-02
1.473395925760269225e-02
1.530653331428766251e-02
1.525419758260250155e-02
1.625592857599258284e-02
1.572822903096676023e-02
1.528824836015701266e-02
1.570408102124929567e-02
1.551754356175661168e-02
1.561477096378803206e-02
1.545833528041839523e-02
1.563376872241497087e-02
1.599404857307672526e-02
1.530159191042184882e-02
1.552419202029704966e-02
1.518257521837949701e-02
1.544727601855993247e-02
1.543623429536819525e-02
1.548639148473739645e-02
1.562955760955810416e-02
1.527540901303291350e-02
1.576912463456392119e-02
1.510572313517332017e-02
1.539992517232894979e-02
1.569008517265319674e-02
1.598634274303913083e-02
1.537791430950164774e-02
1.520214284956455247e-02
1.522651279717683777e-02
1.532958658039569773e-02
1.579654000699520083e-02
1.498769006133079604e-02
1.526883822679519706e-02
1.534416630864143295e-02
1.500262477248907010e-02
1.533489575982093824e-02
1.511965893208980574e-02
1.518051295727491402e-02
1.472042288258671762e-02
1.512147071212530114e-02
1.504485316574573524e-02
1.504692642390727947e-02
1.509506253898143698e-02
1.497771186381578398e-02
1.433098500221967678e-02
1.485642758011817936e-02
1.490973617136478503e-02
1.511497451364994006e-02
1.463942141830921161e-02
1.421573470532894179e-02
1.489695258438587105e-02
1.495566300302743866e-02
1.512949377298355123e-02
1.499591288715601024e-02
1.499656944721937217e-02
1.437080593407154099e-02
1.446276582777500201e-02
1.519364243000745698e-02
1.524328894913196640e-02
1.538568293303251185e-02
1.440050299465656276e-02
1.343256463110447003e-02
1.408185427635908100e-02
1.395466035604476900e-02
1.503880412876605968e-02
1.450053199380636239e-02
1.408472552150487854e-02
1.449356556683778843e-02
1.428086858242750244e-02
1.436535337567329366e-02
1.425564447790384284e-02
1.448954229056835172e-02
1.482232841849327049e-02
1.408668555319309186e-02
1.431854187697172154e-02
1.396414895355701374e-02
1.428193753957748488e-02
1.426384114474058169e-02
1.430556519329547957e-02
1.443889632076024963e-02
1.411996043473482190e-02
1.460582322627305973e-02
1.396280522644519767e-02
1.425773655623197543e-02
1.455149783939123191e-02
1.486606428772211004e-02
1.425945420563221044e-02
1.408404195308685276e-02
1.409504918754100715e-02
1.423725254088640223e-02
1.477709717303514469e-02
1.391122539341449818e-02
1.415777846425771667e-02
1.423371297866106097e-02
1.390934393554925895e-02
1.423110057413578058e-02
1.405009778589010223e-02
1.410639547556638736e-02
1.363462175428867273e-02
1.402494215965270977e-02
1.399531570822000470e-02
1.401754024624824596e-02
1.404290810972452092e-02
1.395895098149776449e-02
1.330484303832054141e-02
1.380151364207267764e-02
1.380623946338892065e-02
1.407700259983539655e-02
1.359419502317905405e-02
1.316307529807090801e-02
1.383981729298830107e-02
1.392248073965311056e-02
1.411726310104131736e-02
1.398834132403135345e-02
1.400547934323549334e-02
1.330414284020662273e-02
1.345582707971334537e-02
1.418126980215311111e-02
1.423045118153095159e-02
1.438725203275680563e-02
1.342864865809679023e-02
1.240791903436183966e-02
1.311862192675471335e-02
1.293107899278402376e-02
1.407430742681026539e-02
1.352502473816275669e-02
1.313661594688892396e-02
1.353554765135049805e-02
1.329869525879621463e-02
1.336547628790140177e-02
1.330023178458213801e-02
1.358450610190629904e-02
1.388513857871294041e-02
1.311940921843051874e-02
1.335677403956651681e-02
1.299490185081958807e-02
1.335398887097835607e-02
1.333454083651304176e-02
1.337211665511131228e-02
1.349086051434278573e-02
1.320021542906761255e-02
1.367794274538755399e-02
1.304901868104934616e-02
1.334756788611412073e-02
1.363561846315860734e-02
1.396676451712846809e-02
1.336586771905422244e-02
1.318552261590957668e-02
1.318983809649944272e-02
1.336150715872645375e-02
1.396127156168222409e-02
1.305413772910833312e-02
1.326424939185380861e-02
1.334056907892227153e-02
1.303162588924169571e-02
1.334425989538431251e-02
1.318755356222391095e-02
1.324515434354543719e-02
1.276154150813818035e-02
1.314033488184213581e-02
1.314954751729965204e-02
1.318910435587167772e-02
1.319799219071865135e-02
1.313612843304872574e-02
1.248108483850956033e-02
1.295310474187135776e-02
1.291328233480453468e-02
1.323599428683519368e-02
1.275264669954776810e-02
1.231557261943817122e-02
1.298464611172676052e-02
1.308303129673004175e-02
1.329754564166069075e-02
1.316735637187957733e-02
1.320611046999692860e-02
1.244350846111774364e-02
1.264360801875591238e-02
1.335585325956344625e-02
1.340402101725339870e-02
1.357051142305135648e-02
1.264679703488945893e-02
1.158031963557005009e-02
1.234087190404534358e-02
1.210395446792244915e-02
1.328929100930690763e-02
1.272992174699902508e-02
1.236892928183078687e-02
1.275798457860946589e-02
1.249875610321760262e-02
1.254706674814224168e-02
1.252169875055551482e-02
1.284938315302133587e-02
1.311673051118850651e-02
1.233020851388573653e-02
1.257054281979799217e-02
1.220532099530100868e-02
1.259643431752920095e-02
1.257937070727348401e-02
1.261435499787330605e-02
1.271785340458154653e-02
1.244995089620351721e-02
1.292052742093801471e-02
1.230086779594421337e-02
1.260499598830938303e-02
1.288158769160509080e-02
1.322645897418260608e-02
1.263479944318532909e-02
1.244660343229770684e-02
1.244956472516059801e-02
1.264360521361231754e-02
1.329185826331377024e-02
1.235411359369754762e-02
1.252821552753448538e-02
1.260586950182914813e-02
1.231040056049823722e-02
1.261544161289930403e-02
1.247550079971551824e-02
1.253786517679691265e-02
1.204327999055385644e-02
1.241161849349737244e-02
1.245206779241561819e-02
1.250693117082118944e-02
1.250394297391176253e-02
1.245682039856910693e-02
1.180429632216692046e-02
1.225479313731193606e-02
1.217562105506658603e-02
1.253895483911037466e-02
1.206007098406553305e-02
1.161875640228390676e-02
1.227777094393968545e-02
1.238585951924324122e-02
1.261900266259908740e-02
1.248360691219568309e-02
1.254775277525186500e-02
1.173433319851756133e-02
1.197414794564247154e-02
1.266900587826967281e-02
1.271569109708070751e-02
1.288843108713626923e-02
1.200391726940870304e-02
1.089805884659290382e-02
1.169922109693288803e-02
1.142136649042367960e-02
1.263667879998683907e-02
1.206822111830115236e-02
1.173333688452839890e-02
1.211340776830911563e-02
1.183361859619617464e-02
1.186466361582279132e-02
1.187411185353994328e-02
1.223943698406219568e-02
1.247404827177524614e-02
1.167303787171840648e-02
1.191482246667146735e-02
1.154933860525488888e-02
1.196548195555806153e-02
1.195310753211378980e-02
1.198554464802146016e-02
1.207485170662403115e-02
1.182565184682607580e-02
1.229013111442327569e-02
1.167627651616930974e-02
1.198742695525288615e-02
1.224877256155014124e-02
1.260446060076356005e-02
1.202481013163924153e-02
1.182744006067514356e-02
1.183311912789940766e-02
1.204413802921771963e-02
1.273124669492244759e-02
1.177033545821905107e-02
1.190992705523967812e-02
1.199018903449177754e-02
1.170628349110484044e-02
1.200517848506569944e-02
1.187642210349440508e-02
1.194565510749816956e-02
1.144117103889584486e-02
1.180066031962633162e-02
1.186584750190377256e-02
1.193446086719632086e-02
1.192298527806997382e-02
1.188577529415488221e-02
1.123746375367045379e-02
1.166889034211635555e-02
1.155553883314132738e-02
1.195031543821096359e-02
1.147976429015398064e-02
1.103557564318180008e-02
1.168303964287042626e-02
1.179633222520351347e-02
1.204700069129466949e-02
1.190384775400161674e-02
1.199586425349116400e-02
1.113951023668050683e-02
1.141229515522718466e-02
1.208776895701885179e-02
1.213259725272655513e-02
1.230899967998266148e-02
1.146551888808608130e-02
1.032595242932438789e-02
1.116016799211502070e-02
1.084797459095716496e-02
1.208473204076290081e-02
1.150783883780241018e-02
1.119728506729006715e-02
1.156933099031448413e-02
1.127091458812356020e-02
1.128657370805740377e-02
1.132614735886454567e-02
1.172438428178429644e-02
1.192764607816934608e-02
1.111624540388584173e-02
1.135869646444916808e-02
1.099525770172476817e-02
1.143116820976138037e-02
1.142482339590787828e-02
1.145408672839403133e-02
1.153080444782972336e-02
1.129746203124523153e-02
1.175666416063904721e-02
1.114622779190540397e-02
1.146551522612571788e-02
1.170901054143905565e-02
1.207298762723803438e-02
1.150730147212743713e-02
1.130043265968561257e-02
1.131186937168240578e-02
1.153565956652164402e-02
1.225365598499774875e-02
1.127500608563423122e-02
1.138204905018210325e-02
1.146606321632862024e-02
1.119204523786902425e-02
1.148606922850012833e-02
1.136437354609370204e-02
1.144181850180029866e-02
1.092843061685562153e-02
1.128064713254571007e-02
1.136520871892571401e-02
1.144632932543754658e-02
1.142890756577253329e-02
1.139837104082107484e-02
1.075500672683119691e-02
1.116931062564253778e-02
1.102644462138414362e-02
1.144537949562072707e-02
1.098613295704126309e-02
1.053997832536697314e-02
1.117518854141235328e-02
1.129028852656483589e-02
1.155733852833509476e-02
1.140489767864346499e-02
1.152611216157674832e-02
1.063298648223280976e-02
1.093347002193331696e-02
1.158888446912169530e-02
1.163155698776245119e-02
1.180968375876545982e-02
1.100751500576734564e-02
9.839197736233472671e-03
1.070027970150113153e-02
1.035895794257521603e-02
1.161124021932482750e-02
1.102618443220853769e-02
1.073808170109987262e-02
1.110289807245135388e-02
1.078786766901612335e-02
1.079006854817271197e-02
1.085572621598839688e-02
1.128297732397913998e-02
1.145668209344148647e-02
1.063746108487248487e-02
1.088028394058346802e-02
1.052062634751200695e-02
1.097226110100746159e-02
1.097268280759453735e-02
1.099793666601180976e-02
1.106370157003402736e-02
1.084421854466199875e-02
1.129870832338929210e-02
1.069009910523891459e-02
1.101839464157819762e-02
1.124221639335155551e-02
1.161244036629796063e-02
1.106194178387522736e-02
1.084583364054560704e-02
1.086524758115410723e-02
1.109849718585610365e-02
1.184082671999931412e-02
1.084856601059436786e-02
1.092518151178955947e-02
1.101378030702471721e-02
1.074829094856977543e-02
1.103852450475096766e-02
1.092083513364195888e-02
1.100735972821712504e-02
1.048593065515160579e-02
1.083223927021026607e-02
1.093181053921580236e-02
1.102439878880977567e-02
1.100298544019460631e-02
1.097689389437437116e-02
1.033872688189148986e-02
1.073746173083782278e-02
1.056908734142780228e-02
1.100650379806756944e-02
1.056077016144990957e-02
1.011315640807151743e-02
1.073601495847105979e-02
1.085035097599029545e-02
1.113260320574045205e-02
1.097007368132472092e-02
1.112091486901044778e-02
1.019598042592406197e-02
1.051998208463192017e-02
1.115545372664928508e-02
1.119573567435145321e-02
1.137415579333901465e-02
1.061261384189128923e-02
9.419818114489317273e-03
1.030272371694445667e-02
9.936422992497683307e-03
1.120014773309230792e-02
1.060693405941128681e-02
1.033945132046937970e-02
1.069763901084661538e-02
1.036799832060933055e-02
1.035846709832549152e-02
1.044685377180576240e-02
1.089985840022563920e-02
1.104597125947475410e-02
1.022048875689506552e-02
1.046370287984609536e-02
1.010913429036736436e-02
1.057329573854804035e-02
1.058085351064801290e-02
1.060126055404543924e-02
1.065755859762430174e-02
1.045050344616174631e-02
1.090066048875451034e-02
1.029285485297441564e-02
1.063082808628678343e-02
1.083373314514756228e-02
1.120858757942914952e-02
1.067393275722861370e-02
1.044915108755230942e-02
1.047810463234782191e-02
1.071820828691124987e-02
1.147948604449629782e-02
1.047688215598464000e-02
1.052519642934203123e-02
1.061886015534400929e-02
1.036084974929690414e-02
1.064818847179412921e-02
1.053222488239407596e-02
1.062837079912424057e-02
1.009965626895427751e-02
1.044116262346506119e-02
1.055221805721521383e-02
1.065536648780107502e-02
1.063150843605399111e-02
1.060828002914786412e-02
9.975339781492948213e-03
1.035975051671266488e-02
1.016923788934945977e-02
1.062076910585165075e-02
1.019010897725820472e-02
9.741232190281152656e-03
1.035206931829452462e-02
1.046371043846011130e-02
1.075997105985879859e-02
1.058707591518759719e-02
1.076730100065469674e-02
9.814643669873475765e-03
1.015881253033876393e-02
1.077491321787238041e-02
1.081261289492249471e-02
1.099029769375920243e-02
1.026811321079730902e-02
9.054488707333803801e-03
9.955135647207498037e-03
9.567176595330238384e-03
1.083954143524169973e-02
1.023801232874393431e-02
9.989433549344539295e-03
1.034144124016165775e-02
9.999104835093020754e-03
9.979302167892455805e-03
1.008768932521343295e-02
1.056366064399480789e-02
1.068418285623192777e-02
9.853359170258044544e-03
1.009715767204761444e-02
9.748655222356319289e-03
1.022275326028466297e-02
1.023760441690683282e-02
1.025241509079933243e-02
1.030053138360381183e-02
1.010485374554991739e-02
1.055090888217091565e-02
9.943296268582344638e-03
1.029144383966922732e-02
1.047262980043888077e-02
1.085084278509020755e-02
1.033226627111434939e-02
1.009951510280370640e-02
1.013905085995793313e-02
1.038397419452667322e-02
1.115977679938078004e-02
1.014948810636997177e-02
1.017156127840280512e-02
1.027045802399516143e-02
1.001914589852094702e-02
1.030431711673736490e-02
1.018836625292897195e-02
1.029442837089300164e-02
9.759112194180488004e-03
1.009668919444084087e-02
1.021638907492160818e-02
1.032927483320236241e-02
1.030422045290470094e-02
1.028269952163100159e-02
9.654936261475085754e-03
1.002602151781320505e-02
9.816169433295727012e-03
1.027849252149462718e-02
9.863931860774754687e-03
9.413783792406321335e-03
1.001320492848753983e-02
1.012071018293500026e-02
1.042979355528950679e-02
1.024662189185619396e-02
1.045552670210599978e-02
9.478558339178561748e-03
9.840167708694934692e-03
1.043772168457508115e-02
1.047268973663449329e-02
1.064891665428876859e-02
9.964493863284587527e-03
8.733130302280187399e-03
9.648245863616466272e-03
9.241302117705345320e-03
1.052037627622485171e-02
9.910313963890075850e-03
9.679058838635682532e-03
1.002522187307476956e-02
9.671963676810264518e-03
9.643098980188368960e-03
9.769273545593024077e-03
1.026578953862190315e-02
1.036268064379692114e-02
9.527049742639064067e-03
9.771711844950913689e-03
9.429989233613014082e-03
9.911892052739857892e-03
9.934074603021144506e-03
9.942642744630575749e-03
9.983663585036993068e-03
9.798577114939688998e-03
1.024065279960632326e-02
9.632917813956738337e-03
9.991583272814750019e-03
1.015060896426439249e-02
1.053116087242960894e-02
1.002861060947179798e-02
9.788618657737970657e-03
9.839386690407991506e-03
1.008752672001719461e-02
1.087423133850097708e-02
9.858481220901011560e-03
9.856263056397437591e-03
9.960311066359282123e-03
9.715122923254966916e-03
9.998708631843327907e-03
9.881481010466814166e-03
9.997565476223825923e-03
9.456273097544909065e-03
9.790598586201668119e-03
9.916669122874737646e-03
1.003851426392793691e-02
1.001330149546265577e-02
9.992625519633292763e-03
9.369969539344311094e-03
9.728534743189812262e-03
9.501679036766290387e-03
9.972276415675877803e-03
9.574414912611246831e-03
9.122849002480507702e-03
9.711618736386299147e-03
9.813934501260519055e-03
1.013469266146421396e-02
9.941572114825249218e-03
1.017814720422029542e-02
9.179757621139287768e-03
9.556559771299362113e-03
1.013650806620717063e-02
1.016863093152642165e-02
1.034290571510791852e-02
9.694487549364567622e-03
8.447995319962500749e-03
9.374968098476529899e-03
8.951205790042876878e-03
1.023566235601901936e-02
9.616848908364773046e-03
9.401473447680473022e-03
9.742055881768465000e-03
9.379474513232708560e-03
9.342549595981837138e-03
9.484717383980751856e-03
9.999634973704814994e-03
1.007477004081010902e-02
9.234634589403867971e-03
9.480483479797839966e-03
9.146029695868491266e-03
9.633966423571109494e-03
9.663448564708233129e-03
9.665234971791506619e-03
9.700087420642376432e-03
9.524969261139631937e-03
9.963118504732847505e-03
9.355145215988158389e-03
9.724542587995529952e-03
9.861248914152383541e-03
1.024330830946564713e-02
9.756545528769493617e-03
9.510011401027440928e-03
9.572357960045338454e-03
9.822452578693628353e-03
1.061709930747747367e-02
9.597773343324660783e-03
9.573085963726043687e-03
9.682014767080545856e-03
9.442537155002355548e-03
9.725006967782974868e-03
9.605529882013798607e-03
9.731588214635848375e-03
9.184906525537371927e-03
9.516509074717760877e-03
9.647130873054266323e-03
9.777196548879147145e-03
9.752689104527234240e-03
9.732191972434521207e-03
9.114594452083110698e-03
9.461286727339028590e-03
9.219375684857368872e-03
9.696357835084200641e-03
9.315457597374916104e-03
8.862253230065108081e-03
9.441212445497513053e-03
9.537586878985166577e-03
9.868924252688884846e-03
9.666343852877616605e-03
9.929389309138059172e-03
8.912041258066893262e-03
9.302158251404762934e-03
9.865479793399571651e-03
9.894690491259098761e-03
1.006668396294116939e-02
9.452460180968045439e-03
8.193031869828700312e-03
9.129782993346453185e-03
8.690987814217805002e-03
9.979896012693643265e-03
9.352148588746786798e-03
9.151346642524003927e-03
9.486564192920923441e-03
9.116082414984703897e-03
9.071937002241611814e-03
9.228629026561975188e-03
9.760023925453425314e-03
9.815172936767339526e-03
8.970709223300218915e-03
9.218073558062315348e-03
8.891199475154281176e-03
9.383694663643837516e-03
9.420407511293887870e-03
9.414958044886588551e-03
9.444436650723218862e-03
9.278784524649381221e-03
9.712994847446679639e-03
9.104813430458307683e-03
9.485045026987791450e-03
9.599505078047514128e-03
9.982378307729959654e-03
9.511050187051296387e-03
9.258605469018221443e-03
9.332664530724286631e-03
9.583697866648435704e-03
1.038388902693986905e-02
9.362597815692425343e-03
9.317126646637917051e-03
9.430550064891577572e-03
9.196471478790045270e-03
9.478197045624256814e-03
9.355744220316410120e-03
9.491617104038596250e-03
8.940082686021923533e-03
9.269379489123820773e-03
9.403106525540352173e-03
9.540680382400750989e-03
9.517611701041459732e-03
9.496772980317473578e-03
8.884208288043737509e-03
9.219553798437118627e-03
8.964223843067884931e-03
9.446175649762153168e-03
9.082247722893952921e-03
8.627143351361155760e-03
9.197157308459281630e-03
9.287073291838169806e-03
9.627963557839394268e-03
9.416498426347971393e-03
9.704713262617587627e-03
8.670524803921580981e-03
9.072370532900095319e-03
9.620039034634828359e-03
9.646306902170180900e-03
9.815801147371530644e-03
9.233974430710077674e-03
7.963455270975828074e-03
8.908330105245113734e-03
8.455991167575121689e-03
9.748702071607112316e-03
9.111892383545637866e-03
8.924476046115159197e-03
9.254519224166870076e-03
8.877381004393100628e-03
8.826731398701668022e-03
8.996727220714092338e-03
9.542857475578784762e-03
9.579670222476124528e-03
8.730990627780555943e-03
8.980193670839070955e-03
8.661054816097021186e-03
9.156885568052530386e-03
9.200736217200756670e-03
9.187673445791006907e-03
9.212464507669210559e-03
9.055863991379737785e-03
9.486085005104541792e-03
8.877812821418046979e-03
9.268887992948292992e-03
9.361360121518374350e-03
9.744446307420729855e-03
9.288142103701829341e-03
9.030336450785398511e-03
9.116083662956953743e-03
9.367238892242312973e-03
1.017103226855397245e-02
9.149160511791706168e-03
9.084464356303214791e-03
9.201911222189664355e-03
8.973001118749379668e-03
9.254283141344785135e-03
9.128318306058645290e-03
9.273753274232148305e-03
8.717867217957973522e-03
9.045185323804617525e-03
9.180866789072752651e-03
9.325272198766469331e-03
9.304261351004242467e-03
9.282664675265551307e-03
8.675132401287555597e-03
8.999560352414845768e-03
8.732207186520100223e-03
9.218068577349185222e-03
8.870933011174201438e-03
8.413659919053316505e-03
8.975576363503932550e-03
9.058701805770397186e-03
9.408188570290803784e-03
9.188464231789112563e-03
9.500506512820720492e-03
8.451306633651256908e-03
8.863527528941631331e-03
9.396476514637470620e-03
9.419805906713008339e-03
9.586666595190763626e-03
9.035498090088366768e-03
7.755429295822978408e-03
8.707114733755587713e-03
8.242496833205223764e-03
9.538535803556442635e-03
8.892604153603315964e-03
8.717501820996403569e-03
9.042537909001112026e-03
8.659830186516045969e-03
8.603289254009723053e-03
8.785559024661779640e-03
9.344844147562980652e-03
9.364854156970978463e-03
8.512033868581056484e-03
8.763386152684689290e-03
8.452017353847622247e-03
8.950177261605858636e-03
9.001052491366862834e-03
8.980056628584861395e-03
9.000773135572671252e-03
8.852867748588323649e-03
9.279011536389589199e-03
8.670815732330083847e-03
9.072671230882406110e-03
9.143562376499176497e-03
9.526339516043662650e-03
9.084618363529443560e-03
8.821923911571502921e-03
8.919218774884938791e-03
9.169826824218034814e-03
9.975663810968399270e-03
8.954403754323721210e-03
8.871914997696876345e-03
8.992877310141920641e-03
8.768955707550048218e-03
9.050027780234812941e-03
8.920164018869400357e-03
9.074852745980023852e-03
8.515063628554343789e-03
8.840675946325064413e-03
8.977399770170450474e-03
9.127990342676639557e-03
9.109565095975994536e-03
9.086869249120355443e-03
8.484386011958122004e-03
8.798261426389217266e-03
8.520079262554646274e-03
9.009052313864231512e-03
8.678393412381409794e-03
8.218687791377306262e-03
8.773328371345995996e-03
8.849466525018214944e-03
9.206673990935087745e-03
8.979328647255898146e-03
9.313848100602626495e-03
8.251235617324709573e-03
8.672661848366260834e-03
9.191777128726243140e-03
9.212205726653337548e-03
9.376346126198769129e-03
8.854177679866553213e-03
7.565858621150255321e-03
8.523295033723116490e-03
8.047493981197476748e-03
9.346513316035269872e-03
8.691455595195293066e-03
8.527696283534169641e-03
8.847884710878134440e-03
8.460552271455526116e-03
8.398657362908125770e-03
8.592323575168847247e-03
9.163315132260322488e-03
9.167934758588671892e-03
8.311041999608278011e-03
8.564835879951715469e-03
8.261167282238602097e-03
8.760835640132427771e-03
8.818608153611420808e-03
8.789413304999471252e-03
8.806596148759126413e-03
8.667084302753209901e-03
9.089027736335993438e-03
8.481115248054265504e-03
8.893627539277077290e-03
8.943454964086413120e-03
9.325461214408277758e-03
8.897872880101203100e-03
8.630675654858350684e-03
8.739305328577756313e-03
8.988812534138560309e-03
9.795452266931533800e-03
8.775832500308751796e-03
8.676861938089131671e-03
8.800813889130950501e-03
8.581740114837884889e-03
8.862795762717723749e-03
8.728758491575717288e-03
8.892347911372781161e-03
8.329061636701226914e-03
8.653190959244966285e-03
8.790233552455901933e-03
8.946410682052373040e-03
8.931006247177719279e-03
8.906935436651110607e-03
8.309536250308155458e-03
8.613165553659200835e-03
8.325191892683506123e-03
8.816675703972577660e-03
8.502078311517833817e-03
8.039701355621218029e-03
8.587829686701298204e-03
8.656896762549876403e-03
9.021024854853749303e-03
8.786688107997179739e-03
9.142359368503093567e-03
8.067732175812124609e-03
8.497351694852113557e-03
9.003460798412561347e-03
9.021050930023193082e-03
9.182422608137130043e-03
8.687686007469892779e-03
7.392204785719514067e-03
8.354539047926663742e-03
7.868523500859737896e-03
9.170251563191414435e-03
8.506124034523963873e-03
8.352828588336705384e-03
8.668316954746842912e-03
8.277173059061169666e-03
8.210407357662916072e-03
8.414702899754046908e-03
8.996075950562953949e-03
8.986609470099210864e-03
8.125706907361746403e-03
8.382218856364488310e-03
8.086102968081831238e-03
8.586611393839120240e-03
8.651140894740819501e-03
8.613528426736592747e-03
8.627670075744390404e-03
8.496278777718543548e-03
8.913887385278939507e-03
8.306467119604348665e-03
8.729472849518060337e-03
8.758845211938023900e-03
9.139649974182248449e-03
8.725760098546742755e-03
8.454378958791494356e-03
8.574074001982807253e-03
8.822021951898932277e-03
9.628480838611721757e-03
8.611383967101574402e-03
8.497132055461407291e-03
8.623561989516019544e-03
