3.434932088851928855e-02
3.304875674843787969e-02
3.330381271243095659e-02
3.284538057446479559e-02
3.270874521136284130e-02
3.270472589135169778e-02
3.224374985694885426e-02
3.260236868262290921e-02
3.181467354297638078e-02
3.177924653887748835e-02
3.133591333031654491e-02
3.134258279204368836e-02
3.084308642148971685e-02
3.074351948499679660e-02
3.083103293180465554e-02
3.038973420858383234e-02
3.034898830950260099e-02
2.996623721718788200e-02
2.970156487822532554e-02
2.956946775317191925e-02
2.938583940267562936e-02
2.926878155767917780e-02
2.959102447330951707e-02
2.874947965145110973e-02
2.883069147169589966e-02
2.852521994709968436e-02
2.887713517248630471e-02
2.855964124202728383e-02
2.839178711175918690e-02
2.829474878311157363e-02
2.754567259550094738e-02
2.756310968101024703e-02
2.794996461272239788e-02
2.753289167582988889e-02
2.735889872908592313e-02
2.715868851542472748e-02
2.714034923911094743e-02
2.689054021239280570e-02
2.670253950357437053e-02
2.665741078555583857e-02
2.628767406940460058e-02
2.682144197821617268e-02
2.611208400130271903e-02
2.619775882363319444e-02
2.573292765021324008e-02
2.596269734203815460e-02
2.571995083987712802e-02
2.583153270184993661e-02
2.534611688554287007e-02
2.548300449550151836e-02
2.507364875078201341e-02
2.515879340469837078e-02
2.506759645044803753e-02
2.445725822448730630e-02
2.460158741474151659e-02
2.472231920063495611e-02
2.472367556393146454e-02
2.446330437064170998e-02
2.434261289238929746e-02
2.451403902471065502e-02
2.369282449781894700e-02
2.434214025735854936e-02
2.406716315448284224e-02
2.346356239914893990e-02
2.402206438779831005e-02
2.331292848289013078e-02
2.387909287214279308e-02
2.386415912210941223e-02
2.307896268367767498e-02
2.343513616919517401e-02
2.301436910033225966e-02
2.304458487033844011e-02
2.272761626541614649e-02
2.301466023921966420e-02
2.285129600763321014e-02
2.209618547558784424e-02
2.204903171956539010e-02
2.250232346355915056e-02
2.211835139989852886e-02
2.218730360269546495e-02
2.232944177091121529e-02
2.266247026622295394e-02
2.189655627310276020e-02
2.175819757580757172e-02
2.207228843867778748e-02
2.198051589727401806e-02
2.228772142529487563e-02
2.147649793326854642e-02
2.158582980930805195e-02
2.145171228051185458e-02
2.174956105649471227e-02
2.146091356873512310e-02
2.129503726959228530e-02
2.120025609433650801e-02
2.171978361904620958e-02
2.113823942840099487e-02
2.108998312056064445e-02
2.120682886242866369e-02
2.108835332095623100e-02
2.115164688229560774e-02
2.124412994086742265e-02
2.123795926570892431e-02
2.063329357653856388e-02
2.034424144029617354e-02
2.057218916714191603e-02
2.049559427797794514e-02
2.014299522340297702e-02
2.066885405778885049e-02
2.013184130191802979e-02
2.035547463595867301e-02
2.045044369995593914e-02
2.019242709875106873e-02
2.011929491162300215e-02
2.017832781374454335e-02
2.013388661295175547e-02
2.021983771026134372e-02
1.993397840857505723e-02
1.958048842847347204e-02
1.971901935338973844e-02
1.952546785771846691e-02
1.941421136260032543e-02
1.942724166810512465e-02
1.977023404836654799e-02
1.961575914919376495e-02
1.896422307193279186e-02
1.943035247921943640e-02
1.958337265253067005e-02
1.896435350179672200e-02
1.931202150881290366e-02
1.897623042762279499e-02
1.845958039164543110e-02
1.846270993351936326e-02
1.886175907403230684e-02
1.872256913036108097e-02
1.914828899502754242e-02
1.844999232143163664e-02
1.908847476541996116e-02
1.885968641936779100e-02
1.884014844149351289e-02
1.849885821342468414e-02
1.854426379501819544e-02
1.846318860352039182e-02
1.798957370221614810e-02
1.823931598663330184e-02
1.806098303943872579e-02
1.849731765687465807e-02
1.811751130223274164e-02
1.832884211093187277e-02
1.817888328433036813e-02
1.822893673181533863e-02
1.729781682789325800e-02
1.772054730355739766e-02
1.778484414517879364e-02
1.753153114020824382e-02
1.778646448254585233e-02
1.768126846849918388e-02
1.759047416597604718e-02
1.772518257051706320e-02
1.743123808503150782e-02
1.762585039436817200e-02
1.748510583490133288e-02
1.738493924587964853e-02
1.773760532587766517e-02
1.694116897881031009e-02
1.710172357410192495e-02
1.742860663682222269e-02
1.733024918287992544e-02
1.750147454440593650e-02
1.769670697301626086e-02
1.720484033972024748e-02
1.716858701407909457e-02
1.729995673149824220e-02
1.741027026623487642e-02
1.681696091592311745e-02
1.664931271225213866e-02
1.660184054076671578e-02
1.661249881982803517e-02
1.661321936547756339e-02
1.728526071459055014e-02
1.693678081035614180e-02
1.707606227695942017e-02
1.631920787692070149e-02
1.645830246806144828e-02
1.677702020853757969e-02
1.667750827223062407e-02
1.622996420413255758e-02
1.665746618062257864e-02
1.597968772053718484e-02
1.645414988696575209e-02
1.660813865065574602e-02
1.601164389401674160e-02
1.603023526817560357e-02
1.595117833465337781e-02
1.612811339646577982e-02
1.614544747024774379e-02
1.624667390435934056e-02
1.591510206460952648e-02
1.689291096478700779e-02
1.599826196581125362e-02
1.601684836298227291e-02
1.580157648772001142e-02
1.593080182373523765e-02
1.593213923275470581e-02
1.549639354646205856e-02
1.607588602602481875e-02
1.602029972523450960e-02
1.560422459244728034e-02
1.528480228781700125e-02
1.652681475132703609e-02
1.622468063235282809e-02
1.532364088296890234e-02
1.584710279107093972e-02
1.567839819937944315e-02
1.588290564715862108e-02
1.527267906069755543e-02
1.545955885946750583e-02
1.564123168587684687e-02
1.552051757276058132e-02
1.530269046127796101e-02
1.498366090655326929e-02
1.490276454389095374e-02
1.486743705719709326e-02
1.558765400201082146e-02
1.518883910030126641e-02
1.581135213375091386e-02
1.544245315343141522e-02
1.505905693769454996e-02
1.493850113451480888e-02
1.507518518716096864e-02
1.519965490698814425e-02
1.523948620259761751e-02
1.596048512309789641e-02
1.496588309854269064e-02
1.469950615614652560e-02
1.487678804993629485e-02
1.493985155224800132e-02
1.498226021975278786e-02
1.473262739181518607e-02
1.422578638792037879e-02
1.569923651218414415e-02
1.501534908264875491e-02
1.483486585319042199e-02
1.491401398926973411e-02
1.479440481215715461e-02
1.467609484493732387e-02
1.491674666106700825e-02
1.473693516850471501e-02
1.485328124463558205e-02
1.457003882527351316e-02
1.402336786687374132e-02
1.439498981833457932e-02
1.471682368963956808e-02
1.457438509166240730e-02
1.439054132997989732e-02
1.396031418442726137e-02
1.445003118366003023e-02
1.451892371475696497e-02
1.409202805906534239e-02
1.423430764675140403e-02
1.446141885966062586e-02
1.420362558215856538e-02
1.444034783542156274e-02
1.421162489056587187e-02
1.467277953028678882e-02
1.503610825538635211e-02
1.437190470099449120e-02
1.407776637375354745e-02
1.356479487568140047e-02
1.381245526671409651e-02
1.395981328189373032e-02
1.406979339569807037e-02
1.390331467986106843e-02
1.361850559711456216e-02
1.395498427003622095e-02
1.412072064727544832e-02
1.427720853686332766e-02
1.416987967491149976e-02
1.386913644522428518e-02
1.374476255476474694e-02
1.358881592750549316e-02
1.387182667106389919e-02
1.392462411522865304e-02
1.428259707987308488e-02
1.325812727212905863e-02
1.355968141555786120e-02
1.413588219881057803e-02
1.357295139878988283e-02
1.407314765453338695e-02
1.359251950681209485e-02
1.384009772539138844e-02
1.382425545156002085e-02
1.270714391022920685e-02
1.345383199304342296e-02
1.279033741354942272e-02
1.326061186939477866e-02
1.343263008445501339e-02
1.304038173705339421e-02
1.365279168635606839e-02
1.363153501600027073e-02
1.359297692030668296e-02
1.323957481235265785e-02
1.341017048060894057e-02
1.350848917663097400e-02
1.336577697098255239e-02
1.345341433584690098e-02
1.351682509481906894e-02
1.325944227725267370e-02
1.307902574539184654e-02
1.360382363200187718e-02
1.311195456981659006e-02
1.377429635822773057e-02
1.380770068615675035e-02
1.351349107176065371e-02
1.327798946946859293e-02
1.335284849256277058e-02
1.300624268501997076e-02
1.329403695464134207e-02
1.249895452708005977e-02
1.288195372372865667e-02
1.280159862339496669e-02
1.255136831104755428e-02
1.293393354117870417e-02
1.357779906690120657e-02
1.284153272211551594e-02
1.319097277522087060e-02
1.244971906393766391e-02
1.339626895636320154e-02
1.297601438686251697e-02
1.308116590976715100e-02
1.306222086399793682e-02
1.276350489258766194e-02
1.282810779660940176e-02
1.202825548499822546e-02
1.274453122541308395e-02
1.264140449091792108e-02
1.283638355880975697e-02
1.298084647953510334e-02
1.320642535388469666e-02
1.284576777741312965e-02
1.255203226208686899e-02
1.280120185017585670e-02
1.291558851301670072e-02
1.290651812404394229e-02
1.249244329333305294e-02
1.220997185260057523e-02
1.270129224658012382e-02
1.252854491025209502e-02
1.272084756195545133e-02
1.269285558909177825e-02
1.244167714565992330e-02
1.211569164693355495e-02
1.288338460028171616e-02
1.273800235241651611e-02
1.210611315071582865e-02
1.220255980640649711e-02
1.255110003054141915e-02
1.191935721784830038e-02
1.280621154606342328e-02
1.207931445538997645e-02
1.269714041054248801e-02
1.255018536001443856e-02
1.273402962833642890e-02
1.288707796484231914e-02
1.200222780555486660e-02
1.252188760787248563e-02
1.245510082319378937e-02
1.240481211990118043e-02
1.183718596398830418e-02
1.213895669579505981e-02
1.221903676539659415e-02
1.231386619061231556e-02
1.223868045955896385e-02
1.187472882866859487e-02
1.236048873513937059e-02
1.269009279832243944e-02
1.214989971369504970e-02
1.231229038536548609e-02
1.222678311169147526e-02
1.124826542288064925e-02
1.212535291537642466e-02
1.260816771537065506e-02
1.217664341628551562e-02
1.235783351585268905e-02
1.171730400621891037e-02
1.203610309958457955e-02
1.187511406838893946e-02
1.180320264771580682e-02
1.172794309258460947e-02
1.243991167843341850e-02
1.172146114706993161e-02
1.194456783682107913e-02
1.219403782114386603e-02
1.171205002069473228e-02
1.164668715745210623e-02
1.197166174650192254e-02
1.137319339066743783e-02
1.201629798114299714e-02
1.162598457932472254e-02
1.120266846567392373e-02
1.220050439238548265e-02
1.150960121303796699e-02
1.218006410449743240e-02
1.173796004801988535e-02
1.151682321727275776e-02
1.207021855190396238e-02
1.210207740217447356e-02
1.162155903130769781e-02
1.169355251640081389e-02
1.189948986470699271e-02
1.167235032841563297e-02
1.121617403626441918e-02
1.149198384582996411e-02
1.152530818432569507e-02
1.123216629028320375e-02
1.104101013392209951e-02
1.188720809668302597e-02
1.179635119438171391e-02
1.148174422234296728e-02
1.148361395671963769e-02
1.071635985746979651e-02
1.167105988785624437e-02
1.114387094974517850e-02
1.144818395003676346e-02
1.138870526850223504e-02
1.150234911218285527e-02
1.134123634919524150e-02
1.107733083516359261e-02
1.120266263931989602e-02
1.194246200099587443e-02
1.114903042092919329e-02
1.096749839931726415e-02
1.123667305707931434e-02
1.124036231264471941e-02
1.139714533835649475e-02
1.188602467626333203e-02
1.144737476110458362e-02
1.177535638958215718e-02
1.142809574306011267e-02
1.131611293554306112e-02
1.092178907245397630e-02
1.134933434799313516e-02
1.202262433618307182e-02
1.140345371514558774e-02
1.140800418704748104e-02
1.149408486858010357e-02
1.130170937627553857e-02
1.085752572119235912e-02
1.114994997158646507e-02
1.146466613188385983e-02
1.151305243372917168e-02
1.115619657561182920e-02
1.097797840088605807e-02
1.095727024972438859e-02
1.167165032774209951e-02
1.162571401149034567e-02
1.079689453542232586e-02
1.023560895770788196e-02
1.121344386786222481e-02
1.112056070566177363e-02
1.132332731410861000e-02
1.113619066774845096e-02
1.095664862170815483e-02
1.096513638272881425e-02
1.124624377489089923e-02
1.065442948788404391e-02
1.101658220216631887e-02
1.066210167855024399e-02
1.124381202086806308e-02
1.118039930611848878e-02
1.109392023086547795e-02
1.058421090245246880e-02
1.079991993680596424e-02
1.067879126965999570e-02
1.076535893976688328e-02
1.098419944569468433e-02
1.089681468531489457e-02
1.167624868080019938e-02
1.035040647909045257e-02
1.108665109798312107e-02
1.062825841456651633e-02
1.051413377746939631e-02
1.060030019283294753e-02
1.043940956145525054e-02
1.091296935081481970e-02
1.090757849812507702e-02
1.080388955771923072e-02
1.120358015969395715e-02
1.066940624266862932e-02
1.059624813869595485e-02
1.098384343460202285e-02
1.120477261766791334e-02
1.051855965703725818e-02
1.096080005913972928e-02
1.093663020431995432e-02
1.051608999073505406e-02
1.146408832073211696e-02
1.084588132426142666e-02
1.077887438982725113e-02
1.046243218705058056e-02
1.006580027565360039e-02
1.066993140801787351e-02
1.083053770661354144e-02
1.122255644574761402e-02
1.045148093253374030e-02
1.072514786571264304e-02
1.030256884172558833e-02
1.075726184248924217e-02
9.821761652827262767e-03
9.920438099652529457e-03
1.024898272380232733e-02
1.093511264398694047e-02
1.050143358856439613e-02
1.050135885179042869e-02
1.070278732106089668e-02
1.046299845725297967e-02
1.028777067735791272e-02
1.030866295099258471e-02
1.056449886411428389e-02
1.103367298841476454e-02
1.026581693440675735e-02
1.081855996325612086e-02
1.056968239322304652e-02
9.809513032436370170e-03
1.073903966695070183e-02
1.029979609325528192e-02
1.028192134201526622e-02
1.028809857368469249e-02
1.038146802783012322e-02
1.062785547971725406e-02
1.045245712623000221e-02
9.830416791141032701e-03
1.004830553010106070e-02
1.036295511946082153e-02
1.040653320401906980e-02
1.079797674342990003e-02
9.801830384880303934e-03
1.069585833698511075e-02
1.060166634991764958e-02
1.040720607712864940e-02
1.072587174549698846e-02
1.072952850162983002e-02
1.020087185129523247e-02
1.027303222566842977e-02
1.099605881795287163e-02
1.032501311227679297e-02
1.062123464420437757e-02
1.051821566745638793e-02
9.694768883287905800e-03
1.010769934579730002e-02
1.070570754632353856e-02
9.966311130672693419e-03
1.020970728620886753e-02
1.069450933858752222e-02
1.022236193343997041e-02
1.041114794835448255e-02
1.050856404379010151e-02
1.016884594783186956e-02
9.725174143910407520e-03
1.010148955881595527e-02
9.902463566511868903e-03
9.923826519399880919e-03
1.004607545211911278e-02
9.556997772306204467e-03
1.005008657649159379e-02
1.045666469633579204e-02
9.678637109696864790e-03
1.029110685363411951e-02
9.702672261744737722e-03
1.064862209558486983e-02
9.908938050270080580e-03
1.076426539942622156e-02
1.015109139308333422e-02
1.058252047002315559e-02
9.416198793798685393e-03
1.017180794849991722e-02
1.004053763486444963e-02
1.006096136197447838e-02
1.035258975997567152e-02
1.038293606787919938e-02
1.020907787978649062e-02
9.626785270869731709e-03
9.992611866444348762e-03
9.651879407465457569e-03
9.817716937512158820e-03
1.028248402476310795e-02
9.251593589782714649e-03
9.769592802971601223e-03
1.031868457421660466e-02
9.686593629419803023e-03
9.719199519604444087e-03
9.778646379709243427e-03
9.941338654607534062e-03
9.823282223194836765e-03
9.487032011151313657e-03
9.482007294893264951e-03
9.492288213223218363e-03
9.530802827328443277e-03
1.054614983126521063e-02
9.597558900713920940e-03
9.402933899313211177e-03
