3.462554723024368480e-02
3.343212139606475952e-02
3.296549916267395297e-02
3.301735410094261414e-02
3.303726285696029913e-02
3.208389964699745467e-02
3.205985832214355152e-02
3.219182880222797721e-02
3.174691584706306607e-02
3.137446236610412498e-02
3.145900991559028720e-02
3.076923167705535728e-02
3.060896393656730580e-02
3.081736779212951652e-02
3.045669314265251129e-02
3.020328769087791271e-02
2.983866527676582239e-02
3.038671222329139554e-02
3.016757041215896440e-02
2.968037940561771282e-02
2.933093196153640711e-02
2.888314543664455281e-02
2.906488451361656164e-02
2.827968007326125965e-02
2.898317193984985274e-02
2.900479869544506095e-02
2.877085690200328894e-02
2.821866717934608595e-02
2.827014210820198020e-02
2.815537765622138852e-02
2.775130352377891407e-02
2.782165929675102164e-02
2.735002575814723946e-02
2.736209236085414970e-02
2.698427928984165058e-02
2.732112947106361475e-02
2.727787110209465085e-02
2.654594655334949552e-02
2.704106256365776048e-02
2.617545162141323226e-02
2.612886130809783866e-02
2.672883214056491832e-02
2.634438265860080883e-02
2.625264754891395644e-02
2.628267993032932376e-02
2.613713304698467299e-02
2.504630711674690410e-02
2.584090399742126551e-02
2.565643370151519942e-02
2.547194421291351304e-02
2.515782348811626545e-02
2.464852401614189142e-02
2.506460745632648618e-02
2.436949294805526578e-02
2.421975520253181330e-02
2.492683723568916293e-02
2.449266339838504850e-02
2.478312718868255771e-02
2.458802433311939317e-02
2.432745514810085233e-02
2.398715871572494607e-02
2.428813014924526351e-02
2.379107914865016826e-02
2.404068447649478774e-02
2.389521291851997437e-02
2.338633307814598147e-02
2.322912088036537329e-02
2.345289318263530862e-02
2.340742835402488675e-02
2.324910350143909524e-02
2.341808307170867992e-02
2.264818280935287573e-02
2.259909611940384006e-02
2.323976475000381556e-02
2.276748821139335660e-02
2.280698300898074959e-02
2.253394094109535326e-02
2.270251549780368666e-02
2.306010018289089344e-02
2.255387385189533064e-02
2.246268463134765483e-02
2.181322117149829889e-02
2.220073434710502502e-02
2.154518957436084639e-02
2.247024831175804122e-02
2.222881022095680309e-02
2.247759020328521720e-02
2.195012393593788122e-02
2.180486409366130807e-02
2.172390481829643283e-02
2.150101505219936468e-02
2.168601231276989089e-02
2.137566187977790744e-02
2.126686008274555201e-02
2.102279299497604448e-02
2.125468207895755621e-02
2.152588699758052962e-02
2.072263896465301528e-02
2.119611977040767800e-02
2.043938660621643158e-02
2.061323896050453255e-02
2.126066733896732341e-02
2.086400845646858154e-02
2.100260193645954107e-02
2.085426855087280443e-02
2.088962598145007940e-02
1.971772258728742705e-02
2.074846297502517742e-02
2.055321602523326949e-02
2.049689835309982319e-02
2.006233453750610324e-02
1.963897955417633068e-02
2.015586330741643908e-02
1.944964259862899669e-02
1.939215409755706832e-02
2.027592021226883034e-02
1.968061782419681591e-02
2.015379281342029663e-02
1.987085330486297596e-02
1.981532430648803855e-02
1.941338028758764211e-02
1.977197323739528570e-02
1.940238077938556682e-02
1.962817023694515134e-02
1.961716006696224285e-02
1.914454469084739610e-02
1.886823965609073575e-02
1.915382475405931484e-02
1.914902298152446752e-02
1.905964401364326419e-02
1.926259830594062930e-02
1.854352439939975852e-02
1.859653519093990362e-02
1.925352333486080036e-02
1.879483896493911593e-02
1.892629775404930034e-02
1.870864838361739960e-02
1.863509900867938926e-02
1.915197466313839011e-02
1.870164874196052554e-02
1.880236430466174918e-02
1.806693937629461413e-02
1.845270042866468257e-02
1.788635145127773218e-02
1.892246830463409357e-02
1.843865348398685336e-02
1.895841273665428012e-02
1.849590727686881847e-02
1.819053776562213828e-02
1.819624447822570934e-02
1.800494050979614333e-02
1.816873139142990284e-02
1.801883732527494522e-02
1.778798361122608043e-02
1.761819760501384668e-02
1.770299312472343317e-02
1.817699985206127147e-02
1.739396856725215768e-02
1.777437059581279608e-02
1.713515334576368176e-02
1.744701466709375551e-02
1.800367848575115323e-02
1.769676044583320604e-02
1.792065905779600260e-02
1.766656669974327187e-02
1.775381712615490062e-02
1.662915669381618416e-02
1.771688701212406278e-02
1.748786220699548657e-02
1.748888007551431534e-02
1.701392849534750021e-02
1.665451995283365183e-02
1.720062669366598240e-02
1.649189329147338762e-02
1.648592925816774399e-02
1.746984343975782270e-02
1.673126654326915694e-02
1.733160200715064964e-02
1.696761614084243627e-02
1.702051381766796212e-02
1.660471250861883172e-02
1.699321147799491907e-02
1.672928256541490397e-02
1.691609586775302820e-02
1.696815320104360508e-02
1.650845743715763023e-02
1.615772521495819139e-02
1.648642444610595725e-02
1.648463532328605513e-02
1.641098366677760934e-02
1.662761578708887161e-02
1.597809811681508846e-02
1.609558102488517842e-02
1.674178834259510210e-02
1.627303584665060199e-02
1.646915812045335673e-02
1.626704813539981906e-02
1.605504593998193646e-02
1.662244977056979989e-02
1.622901707142591562e-02
1.644645625352859561e-02
1.567850624769926218e-02
1.602821913361549347e-02
1.554725860059261340e-02
1.661852826923131826e-02
1.599024778604507535e-02
1.665517956763505961e-02
1.625110836327076091e-02
1.585005808621645085e-02
1.593360342830419524e-02
1.572634430974722067e-02
1.586447861045598914e-02
1.584525501728057881e-02
1.550414222478866538e-02
1.538608571887016378e-02
1.536057800799608269e-02
1.598177004605531859e-02
1.519755965471267754e-02
1.550889283418655472e-02
1.496389796584844667e-02
1.536295413970947300e-02
1.583056715130806008e-02
1.560230626165866850e-02
1.587465420365333571e-02
1.554752265661954805e-02
1.565146911889314651e-02
1.458595587313175207e-02
1.569464267790317627e-02
1.543596833199262566e-02
1.545942370593547839e-02
1.498365507274866150e-02
1.466308856755495042e-02
1.522004730254411693e-02
1.451180896162986705e-02
1.453970662504434561e-02
1.558478625863790427e-02
1.473877840489149112e-02
1.542221859842538879e-02
1.498505400121212007e-02
1.511902398616075602e-02
1.469627648591995302e-02
1.511289566755294814e-02
1.492436856776475917e-02
1.507673516869544907e-02
1.514589381963014555e-02
1.470203254371881506e-02
1.430583865195512831e-02
1.465607178956270136e-02
1.465424147993326168e-02
1.458176671713590569e-02
1.480302019417285841e-02
1.421854268759489143e-02
1.437453316897153825e-02
1.501411416381597495e-02
1.452578242868184967e-02
1.477659016102552368e-02
1.457692851126194018e-02
1.427563925832510058e-02
1.484600065648555671e-02
1.450134942680597269e-02
1.479474899917841008e-02
1.402348513156175674e-02
1.432194338738918341e-02
1.392460096627473783e-02
1.499666761606931707e-02
1.427785642445087398e-02
1.502486833184957585e-02
1.466913888603448880e-02
1.421216881275176938e-02
1.435409336537122812e-02
1.411754337698221257e-02
1.424013713002204862e-02
1.432344000786542858e-02
1.389009889215230865e-02
1.381328449398279250e-02
1.371261874586343806e-02
1.443849223852157644e-02
1.363228986412286757e-02
1.390003418177366244e-02
1.342773588746786102e-02
1.388491562008857712e-02
1.427984060347080308e-02
1.410948265343904551e-02
1.441227250546216893e-02
1.404086159169673845e-02
1.414149874448776198e-02
1.313034442812204342e-02
1.425020777434110597e-02
1.396763319522142423e-02
1.399918579310178816e-02
1.353726748377084670e-02
1.323978207260370285e-02
1.379840851575136161e-02
1.309124927222728683e-02
1.314390762150287675e-02
1.422748571634292573e-02
1.330518490076065125e-02
1.404066835343837673e-02
1.354258438944816630e-02
1.374364718794822762e-02
1.331340001896023743e-02
1.375621420890092879e-02
1.362051160633563976e-02
1.374545659869909342e-02
1.381202328950166709e-02
1.338581045717000990e-02
1.296368473023176184e-02
1.331928037852048857e-02
1.331724407523870481e-02
1.324236306548118650e-02
1.346380937099456859e-02
1.293592147529125207e-02
1.311409007012844137e-02
1.375055772066116275e-02
1.324510538578033483e-02
1.354005605727434149e-02
1.334003609791398030e-02
1.297495272755622847e-02
1.352741443365812306e-02
1.322363495826721184e-02
1.357079503685235979e-02
1.280962709337472860e-02
1.305205053091049172e-02
1.273236224800348287e-02
1.379261249303817723e-02
1.301212512701749834e-02
1.380819190293550505e-02
1.349207381904125175e-02
1.299984975159168207e-02
1.318639588356017994e-02
1.291983961313963002e-02
1.303486144542694014e-02
1.319794015213847198e-02
1.268980989605188354e-02
1.264617923647165347e-02
1.249554198980331460e-02
1.329568599909543986e-02
1.245779100805521032e-02
1.269920762628316824e-02
1.228211983293294937e-02
1.278051061928272246e-02
1.311752733588218700e-02
1.298967385292053300e-02
1.331192095577716887e-02
1.291838470846414649e-02
1.300193662941455906e-02
1.203883945196866992e-02
1.316535013914108335e-02
1.286405412480235051e-02
1.289737308397889172e-02
1.245466352999210352e-02
1.216999627649784088e-02
1.272635259851813243e-02
1.201933541893959040e-02
1.209162722900509850e-02
1.320044648647308340e-02
1.222211635857820521e-02
1.299033354967832517e-02
1.244462242722511360e-02
1.270174272730946463e-02
1.226211955398321188e-02
1.272844402492046348e-02
1.262980758398771219e-02
1.273427345603704401e-02
1.279220903664827352e-02
1.238228372111916525e-02
1.194759522005915675e-02
1.229731607437133806e-02
1.229640929400920880e-02
1.221740613132715238e-02
1.243765164166688898e-02
1.195769236981868676e-02
1.214745334535837114e-02
1.278301999717950874e-02
1.226544563099741907e-02
1.259428615868091531e-02
1.239517481252551054e-02
1.198170458525419160e-02
1.250723733007907783e-02
1.223909099400043513e-02
1.262617290019989007e-02
1.187987671047449102e-02
1.206798341125249821e-02
1.181682647019624728e-02
1.286216933280229582e-02
1.203736595064401615e-02
1.286344048753380702e-02
1.257977358251810042e-02
1.206313379481434821e-02
1.228618226572871126e-02
1.199272193759679840e-02
1.210449692606925878e-02
1.233021079003810902e-02
1.176157522201538158e-02
1.174410978332161848e-02
1.156074985116720133e-02
1.241415167599916464e-02
1.154218015074729917e-02
1.176817217841744437e-02
1.139253891259431849e-02
1.192157742381095946e-02
1.221236467361450258e-02
1.211652875319123301e-02
1.245123782753944364e-02
1.205097615718841476e-02
1.210867449641227743e-02
1.118868503347039169e-02
1.231806154549121811e-02
1.200195229798555439e-02
1.203452249243855410e-02
1.161283063888549766e-02
1.133405002206563927e-02
1.188733860105276041e-02
1.117880107834935167e-02
1.126774998009204797e-02
1.239347645640373301e-02
1.137106364965438828e-02
1.216085480898618752e-02
1.157935708016157202e-02
1.188364056497812245e-02
1.143244880065321864e-02
1.191983577609062248e-02
1.184705162793397819e-02
1.193705344572663224e-02
1.198657908290624678e-02
1.158916016295552173e-02
1.115115024521946829e-02
1.148774801567196795e-02
1.149020108580589214e-02
1.140555031225085232e-02
1.162438169121742318e-02
1.118495959416031769e-02
1.137902243062853883e-02
1.201566130667924837e-02
1.148991892859339663e-02
1.184420508891344086e-02
1.164868481084704345e-02
1.119669024646282110e-02
1.169190272316336654e-02
1.145595007389783870e-02
1.187361127138137837e-02
1.114315152168273912e-02
1.128157140687108088e-02
1.108879081159830013e-02
1.211979411169886514e-02
1.126246454939246189e-02
1.210649088770151052e-02
1.184940795972943238e-02
1.131447700411081399e-02
1.156935603544115981e-02
1.125261992216110285e-02
1.136344723030924785e-02
1.163877593725919785e-02
1.102061745524406458e-02
1.102410224080085759e-02
1.081926526874303802e-02
1.171111304685473406e-02
1.080657282844185892e-02
1.102397328615188632e-02
1.067950223386287742e-02
1.123201427981257439e-02
1.148551394790411039e-02
1.141445629298686905e-02
1.175697007030248632e-02
1.136019908264279329e-02
1.138707276433706221e-02
1.050672896206378965e-02
1.163542642444372228e-02
1.130728669092059130e-02
1.133839872106909806e-02
1.093789672106504525e-02
1.066027408838272038e-02
1.121136055141687404e-02
1.049959474802017283e-02
1.060328058898448930e-02
1.174010694026947008e-02
1.068087778612971349e-02
1.148580617830157261e-02
1.087833926081657396e-02
1.122281968221068398e-02
1.075799611583352043e-02
1.126440116763114882e-02
1.120937080681323923e-02
1.128973367065191219e-02
1.133320151269435853e-02
1.094380642846226777e-02
1.050879312306642575e-02
1.082808975875377590e-02
1.083609260618686662e-02
1.074453949555754725e-02
1.096206919103860818e-02
1.055697682127356568e-02
1.075052667781710609e-02
1.139001754671335222e-02
1.085856204852461877e-02
1.123187935724854515e-02
1.104278208315372448e-02
1.055879914388060600e-02
1.102314639091491778e-02
1.081677178665995526e-02
1.125845531374216127e-02
1.054333638027310331e-02
1.063750604912638668e-02
1.049342659488320360e-02
1.151173087581992133e-02
1.063059575855731902e-02
1.148441559448838169e-02
1.124909418448805792e-02
1.069974612072110108e-02
1.098349922150373449e-02
1.064677406847476873e-02
1.075803904607892068e-02
1.107284044846892392e-02
1.041355150938034005e-02
1.043454839289188404e-02
1.021519975364208223e-02
1.113474535197019576e-02
1.020105319470167131e-02
1.041404748708009767e-02
1.009338950365781806e-02
1.066413922235369752e-02
1.088707494363188796e-02
1.083569354936480579e-02
1.118276799097657134e-02
1.079597850143909459e-02
1.078977932408452071e-02
9.946582324802876254e-03
1.107152342796325663e-02
1.073335723206400930e-02
1.076305486261844649e-02
1.038302843645215121e-02
1.010334569215774574e-02
1.065387511625886033e-02
9.937427841126918529e-03
1.005438924580812424e-02
1.119794284552335685e-02
1.010691824182867980e-02
1.092296208441257549e-02
1.029748389124870295e-02
1.067664500325918135e-02
1.019662919640541149e-02
1.072025591880083027e-02
1.067710139229893600e-02
1.075152486190199784e-02
1.079144607111811628e-02
1.040616497397422839e-02
9.978264492005109107e-03
1.027829166874289456e-02
1.029344008862972254e-02
1.019420539587736173e-02
1.041058182716369553e-02
1.003451718389987944e-02
1.022466021776199420e-02
1.086842893809080064e-02
1.033257389813661657e-02
1.072018422186374678e-02
1.053999202325940111e-02
1.002857976779341666e-02
1.046292133629322073e-02
1.028382998332381254e-02
1.074484623968601296e-02
1.004409563913941442e-02
1.009927944093942653e-02
9.995410781353712346e-03
1.100268290936946836e-02
1.010452888906001982e-02
1.096236340701580055e-02
1.074486824125051553e-02
1.018385685235261885e-02
1.049425865709781650e-02
1.014039463177323318e-02
1.025301699340343438e-02
1.059929330646991810e-02
9.905399803072213391e-03
9.941705759614706539e-03
9.712009735405445487e-03
1.065129862725734677e-02
9.692640054970979788e-03
9.903651837259530230e-03
9.601727604866027929e-03
1.018672277778387078e-02
1.038409909605979980e-02
1.034874560311436695e-02
1.069803095236420559e-02
1.032510990276932702e-02
1.028544994443655013e-02
9.477383617311716316e-03
1.059611526504158907e-02
1.024943254888057743e-02
1.027800913527607968e-02
9.917230814695358887e-03
9.633338030427695056e-03
1.018520757183432636e-02
9.462946370244026267e-03
9.591936931014061543e-03
1.073877605050802160e-02
9.619972079992294978e-03
1.044428405165672216e-02
9.807174853980540896e-03
1.021652255952358243e-02
9.720415357500315420e-03
1.025959608890116177e-02
1.022403947263956017e-02
1.029527965933084432e-02
1.033368764072656668e-02
9.949594579637051003e-03
9.531278397887945480e-03
9.811565127223729338e-03
9.834722366183996922e-03
9.727540440857411139e-03
9.942879069596528147e-03
9.591265715658664134e-03
9.776501774787902180e-03
1.042555557563900996e-02
9.885896012187004797e-03
1.028430446237325706e-02
1.011499847285449519e-02
9.579526077955960797e-03
9.985379129648207924e-03
9.831401761621236593e-03
1.030835406482219670e-02
9.620905321091412915e-03
9.641851533204317398e-03
9.571066323667764067e-03
1.056862724199891107e-02
9.658872660249472053e-03
1.051653300225734687e-02
1.031368732079863612e-02
9.743138622492552442e-03
1.007821724191308027e-02
9.709697306156159224e-03
9.824308786541223124e-03
1.019574627280235221e-02
9.472432911396027472e-03
9.522593248635529903e-03
9.284925401210784510e-03
1.023805378377437569e-02
9.258702799677848844e-03
9.469011873006820748e-03
9.182370327413081484e-03
9.778501916676759012e-03
9.954038925468922105e-03
9.932079300284385806e-03
1.028180954605341021e-02
9.924881927669047463e-03
9.852586995810271031e-03
9.077816538512707353e-03
1.018853249028325164e-02
9.834511261433363447e-03
9.862287815660238099e-03
9.519250996410846127e-03
9.229785725474358438e-03
9.784829821437596858e-03
9.055919080972672092e-03
9.195819821208714787e-03
1.034320423007011394e-02
9.200151115655898215e-03
1.003048063814639991e-02
9.386811740696429651e-03
9.822587501257657588e-03
9.310123331844806852e-03
9.863270910456776314e-03
9.832174830138682570e-03
9.902245402336119773e-03
9.940611205995082342e-03
9.555716879665851135e-03
9.148284912109375458e-03
9.409321948885917761e-03
9.440697509795427725e-03
9.325743548572063696e-03
9.540136318653821487e-03
9.208998579531908063e-03
9.388755802065133424e-03
1.004372429475188302e-02
9.500459954142569802e-03
9.907065175473690755e-03
9.750122634693979620e-03
9.193220239132642718e-03
9.572369080036878877e-03
9.441401559859514958e-03
9.931805327534674876e-03
9.256643593311309967e-03
9.247512970119714862e-03
9.203963644802569746e-03
1.019271750003099448e-02
9.275718096643686614e-03
1.013014667853713059e-02
9.939419087022543370e-03
9.361055757850409234e-03
9.718903545290232329e-03
9.337932050228118716e-03
9.454943649470805636e-03
9.846573915332555368e-03
9.098019000142813437e-03
9.161032043397425786e-03
8.916604597121477113e-03
9.879247415810823996e-03
8.883197445422411423e-03
9.093357529491186836e-03
8.819673456251621649e-03
9.424508783966303177e-03
9.580980937927962085e-03
9.570506200194358812e-03
9.919305887073279204e-03
9.579334300011396047e-03
9.475946828722953824e-03
8.732704162597656680e-03
9.834165375679730994e-03
9.473757239058614235e-03
9.501002084463834943e-03
9.174068931490182363e-03
8.878270808607339679e-03
9.438089096918702431e-03
8.701939921826124663e-03
8.851745035499333780e-03
9.997486881911755302e-03
8.833420243114233419e-03
9.667867250740527427e-03
9.021634239703417435e-03
9.480635814368724643e-03
8.952060425654053202e-03
9.517668338492513494e-03
9.488708443939685572e-03
9.559058595448732473e-03
9.598383042961358691e-03
9.211416590958834000e-03
8.815386600792408586e-03
9.058249548077584173e-03
9.097558446228504181e-03
8.975331488996743726e-03
9.188865337520838589e-03
8.874740656465292601e-03
9.049023512750864126e-03
9.710233598947525663e-03
9.163388445973396843e-03
9.576212722808122996e-03
9.432672694325447416e-03
8.856474470347165326e-03
9.210773892700672288e-03
9.100794371217489631e-03
9.602792888879775959e-03
8.938999027013777923e-03
8.903408188372850113e-03
8.882350578904152708e-03
9.862832378596067887e-03
8.942083351314068090e-03
9.791068218648434421e-03
9.610463920980692396e-03
9.025718770921229914e-03
9.404415782541036481e-03
9.012981675565242407e-03
9.132627651095390209e-03
9.540548484772443799e-03
8.770156573504208838e-03
8.845294114202260569e-03
8.594588603824377879e-03
9.563644155859947829e-03
8.554408412426710295e-03
8.764545932412147813e-03
8.502246677875519368e-03
9.113890502601862398e-03
9.253386504948139454e-03
9.253004908561707209e-03
9.599786546081304217e-03
9.276982653886080288e-03
9.144422400742769838e-03
8.430963279679418165e-03
9.522404331713914954e-03
9.156376553699373602e-03
9.183293137699366157e-03
8.870790062472223500e-03
8.568370155990124096e-03
9.134243953973055288e-03
8.390459707006811887e-03
8.549283687025309442e-03
9.691659629344940782e-03
8.509562339633703135e-03
9.346475187689065600e-03
8.700791370123625579e-03
9.180263821035624175e-03
8.636189417913556904e-03
9.212849654257298029e-03
9.184277407824993633e-03
9.255936894565820056e-03
9.296862948685884545e-03
8.907071433961391907e-03
8.522457443177700043e-03
8.748539861291646999e-03
8.795179054141044270e-03
8.666381653398275500e-03
8.879154089838265512e-03
8.579019747674465970e-03
8.748163498938083329e-03
9.415718879550696169e-03
8.865257708355785138e-03
9.282769829034805825e-03
9.153318936005233955e-03
8.559600353240966533e-03
8.890884533524512703e-03
8.799977704882621515e-03
9.312142260372639063e-03
8.658892571926117207e-03
8.599994853138923784e-03
8.597588330507279289e-03
9.570048846304416573e-03
8.648332167416811211e-03
9.490305658429860208e-03
9.318273380398750874e-03
8.728338919579982022e-03
9.125980440527200338e-03
8.725881226360797729e-03
8.848254047334193698e-03
9.269400406628847469e-03
8.479971254244446019e-03
8.566668082028628187e-03
8.309724204242230003e-03
9.283015521243213886e-03
8.263577912002802520e-03
8.473580442368984847e-03
8.221596270799637340e-03
8.838579889386893179e-03
8.962689325213431951e-03
8.971379991620778357e-03
9.315273355692625309e-03
9.009389240294695192e-03
8.849698755890131330e-03
8.164319371804595535e-03
9.245340779423714267e-03
8.874321335926652066e-03
8.901059582829475014e-03
8.601350300014019498e-03
8.292366195470093904e-03
8.865250123664736304e-03
8.113584650680422811e-03
8.280661642551421717e-03
9.418312065303325112e-03
8.220939479768275479e-03
9.058870062232018266e-03
8.416128095239401585e-03
8.913706563413142936e-03
8.354964325204491254e-03
8.941381720826029056e-03
8.911874955520033073e-03
8.985557403415441596e-03
9.028480555862188062e-03
8.635453548282384303e-03
8.261969774961470947e-03
8.472795259207487051e-03
8.525993993505835700e-03
8.391429193317890070e-03
8.603554628789424411e-03
8.314771056175231448e-03
8.479287432506680058e-03
9.153122294694185368e-03
8.599026991054416549e-03
9.020015064626931561e-03
8.905058268457650625e-03
8.295321654528379010e-03
8.605349987745284854e-03
8.531745143234729933e-03
9.052930004894732888e-03
8.409485321491955850e-03
8.330044444650411967e-03
8.343174640089273328e-03
9.307668719440697833e-03
8.387175600975751988e-03
9.221065673977136765e-03
9.056406863033770668e-03
8.462285505607724037e-03
8.877001713961362936e-03
8.469856502488255431e-03
8.594938814640044542e-03
9.026886064559220407e-03
8.220744436606764946e-03
8.318532444536685250e-03
8.055170401930808466e-03
9.031188298016787352e-03
8.004018362611532711e-03
8.213661301881074531e-03
7.971257440745831147e-03
8.592442190274596908e-03
8.702395673841237939e-03
8.719408039003610777e-03
9.059701181948185550e-03
8.770226340740918877e-03
8.585434854030609547e-03
7.926488131284712899e-03
8.996954895555972845e-03
8.621466223150492381e-03
8.648131147027015436e-03
8.359655283391475775e-03
8.044428560882806514e-03
8.624963684007525347e-03
7.865292701870203740e-03
8.039959026500582279e-03
9.171840228140354379e-03
7.961707971990108351e-03
8.799387224018573317e-03
8.161398701369762879e-03
8.675050072371959242e-03
8.102589756250382080e-03
8.697587534785271302e-03
8.666138458997010852e-03
8.742328781634568433e-03
8.787466214969754524e-03
8.391018185764551399e-03
8.028208684176207227e-03
8.225322909653186298e-03
8.284248117357492780e-03
8.144735146313905605e-03
8.356347400695084832e-03
8.076616209000348282e-03
8.237083440646528892e-03
8.917021801695228234e-03
8.359313102439045254e-03
8.782801516354084292e-03
8.682529589161276651e-03
8.058059554547070819e-03
8.348499611020087502e-03
8.290589064359664417e-03
8.819832701236009903e-03
8.185518857091666003e-03
8.087974879890680660e-03
8.114102322608233303e-03
9.070573041215539839e-03
8.152998223900795316e-03
8.978113356977701978e-03
8.819915197789669412e-03
8.222443716600537009e-03
8.652441442012786046e-03
8.239688873291016111e-03
8.367391010746360464e-03
8.808211443945765384e-03
7.987299552187323431e-03
8.095763662829994628e-03
7.825722001492977850e-03
8.803432874381542789e-03
7.770540073513985090e-03
7.979558885097503412e-03
7.746219225227832413e-03
8.370725542306899775e-03
8.467490900307893600e-03
8.492265824228524551e-03
8.828379910439252548e-03
8.554657258093357683e-03
8.346686977893114437e-03
7.712601942941546378e-03
8.772582430392503877e-03
8.393063759431242804e-03
8.419725088402628399e-03
8.141020130366086530e-03
7.820060040801763215e-03
8.408616645261645164e-03
7.640913326293230327e-03
7.822599662467837056e-03
8.947920091450213553e-03
7.727307021617889002e-03
8.563636817038059942e-03
7.931740749627351136e-03
8.459719685837627234e-03
7.874527513980865770e-03
8.477046091109514264e-03
8.442891377955674681e-03
8.521896120160818086e-03
8.569365773350001020e-03
8.169439459219574387e-03
7.816761313006282547e-03
8.001659175381065081e-03
8.065492691472173417e-03
7.921819601207972378e-03
8.133070630952716346e-03
7.860389385372399534e-03
8.017395488917828175e-03
8.703184982761741004e-03
8.141934895887971424e-03
8.567119263112545416e-03
8.481562189757823819e-03
7.843468142673372390e-03
8.115877393633126602e-03
8.072229735553264340e-03
8.608692772686481892e-03
7.982891265302896611e-03
7.869409121572971261e-03
7.906450118869543311e-03
8.854778787121176178e-03
7.941417366266250930e-03
8.757355106994510127e-03
8.604924794286488918e-03
8.004801349714398689e-03
8.448388522490858990e-03
8.031292086467146582e-03
8.161477139219641339e-03
8.609620388597249985e-03
7.775572754442692039e-03
7.894331300631165019e-03
7.617360984906553986e-03
8.596049834042787663e-03
7.559049136936664241e-03
7.767177054658532150e-03
7.542541313916444751e-03
8.169688353314994919e-03
8.254036128520965757e-03
8.286151122301816524e-03
8.617611546069383135e-03
8.358929669484496672e-03
8.129555799067020999e-03
7.518852259963750527e-03
8.568541370332241267e-03
8.185371322557330118e-03
8.212077233940363527e-03
7.941794702783227730e-03
7.615734018385410253e-03
8.212459279224275724e-03
7.436770275235176329e-03
7.624977309256791846e-03
8.743152849376201879e-03
7.514116570353507850e-03
8.348157558590174263e-03
7.723305778577924108e-03
8.264127980917692143e-03
7.667169272899627963e-03
8.276260385289788482e-03
8.238828243687748923e-03
8.320833375677466268e-03
8.370667381212115732e-03
7.967294085770845052e-03
7.624172018840909108e-03
7.798256317153573307e-03
7.866238657385110980e-03
7.719121992588042803e-03
7.930177891626954620e-03
7.662806505337357334e-03
7.816919961944222492e-03
8.508257290348410218e-03
7.943580284714698431e-03
8.369794249534606365e-03
8.298863134346901732e-03
7.648104157298803510e-03
7.903931455686689228e-03
7.873285016044975076e-03
8.416211728006601014e-03
7.798348663374781407e-03
7.670862764120101908e-03
7.717086400836706446e-03
8.657143499702214459e-03
7.748959310352802193e-03
8.555532384663821002e-03
8.408352933824062361e-03
7.806163076311350112e-03
8.261765554547309889e-03
7.841412914916872159e-03
7.973923856392502868e-03
8.428130408748985003e-03
7.582342006266116693e-03
7.711020287126302622e-03
7.426931058987975426e-03
8.406094653531908517e-03
7.366286296397447919e-03
7.573276128619909307e-03
7.357077946886420028e-03
7.986330684274435543e-03
8.058898851275444336e-03
8.098029110580683143e-03
8.424447664991020421e-03
8.180081615224481240e-03
7.930909279733895645e-03
7.342207038775086340e-03
8.381889427080750979e-03
7.995404452085495134e-03
8.022179568186401516e-03
7.759093837812543193e-03
7.428636077791452713e-03
8.033493094146252483e-03
7.249938979744911111e-03
7.444216646254062444e-03
8.554838798940181746e-03
7.319210551679134272e-03
8.150175359100102906e-03
7.533018177375197695e-03
8.085410233587025930e-03
7.477601716294884904e-03
8.092425985261797808e-03
8.051293399184943078e-03
8.136388190090656364e-03
8.188587052747607273e-03
7.781825082376599492e-03
7.447686720639467607e-03
7.612257368862628687e-03
7.683707512915134534e-03
7.533775873482227020e-03
7.744816306978464203e-03
7.481245609000325078e-03
7.632986817508936005e-03
8.329545529559254785e-03
7.761591339483856801e-03
8.188276302069426305e-03
8.131792278960346676e-03
7.469204856082796787e-03
7.709788125008344359e-03
7.691046983003616000e-03
8.239744173362850352e-03
7.629279220476746330e-03
7.489519916474818816e-03
7.543487554416060566e-03
8.475152561441063465e-03
7.572843063622713110e-03
8.370029516518115789e-03
8.227714899927377964e-03
7.623939225450158258e-03
8.090119620785117538e-03
7.667429925873875743e-03
7.802108064293861341e-03
8.261345895007252138e-03
7.405006730929017400e-03
7.543243460357188825e-03
7.251911578699946244e-03
8.231201356276869607e-03
7.189622798934578764e-03
7.395250640809535557e-03
7.187286201864481056e-03
7.818224633112550587e-03
7.879549957811832900e-03
7.925438057631253863e-03
8.246496669948101196e-03
8.015737090259791170e-03
7.748215857893228815e-03
7.180227853357791512e-03
8.210244193673133309e-03
7.820744387805462355e-03
7.847595164552330707e-03
7.590605441480874696e-03
7.256488323211670276e-03
7.869305485859514129e-03
7.078055158257484138e-03
7.277996920049190598e-03
8.380793992429972500e-03
7.140195418149232476e-03
7.967439655214547320e-03
7.358376553282141262e-03
7.921261943876743011e-03
7.303448971360921964e-03
7.923259321600198066e-03
7.878131464123725586e-03
7.966335404664277517e-03
8.020870853215456009e-03
7.610798066481947767e-03
7.285088315606117089e-03
7.441331237554550497e-03
7.515659036114811717e-03
7.363448910415172806e-03
7.574659483507275963e-03
7.313585029914975062e-03
7.463424172252416944e-03
8.164863104000687904e-03
7.593807753175496958e-03
8.020492043346165792e-03
7.978210537694395421e-03
7.304527636617421868e-03
7.531095454469323089e-03
7.523308049887419101e-03
8.077137146145104557e-03
7.473569005727768305e-03
7.323084812611341601e-03
7.383581802248954939e-03
8.306767808273433917e-03
7.410816878080367723e-03
8.198707090690732224e-03
8.060971453785896121e-03
7.456013623625039680e-03
7.931467445567250835e-03
7.507206985726952962e-03
7.643902234733104643e-03
8.107305683195590792e-03
7.241449512541293758e-03
7.388888809829950201e-03
7.090269496664404654e-03
8.069432433694600712e-03
7.026911910623312267e-03
7.230982866138219688e-03
7.031095003709197239e-03
7.663383672013878746e-03
7.713927578181027991e-03
7.766360796988010240e-03
8.081797260791064030e-03
7.863969404250383335e-03
7.579396637156605651e-03
7.030936792492866252e-03
8.051656674593687252e-03
7.659417001530528270e-03
7.686336845159530244e-03
7.434459654614328922e-03
7.097430173307657346e-03
7.717927908524871081e-03
6.919194834306836329e-03
7.124418156221509237e-03
8.219238989055157457e-03
6.975089984014630484e-03
7.798095107078552302e-03
7.197339257225394277e-03
7.769795652478933209e-03
